Time (my),del-18O,del-13C,87Sr-86Sr,del-34S,sea_level,,del-13C (first diffs),87Sr-86Sr (first diffs),del-34S (first diffs),sea_level  (first diffs)
467.9,-7.2945,-1.073,0.7087,26.658,81.732,,-0.68729,0.00023,0.453,-7.414
462.45,-5.9429,-0.38571,0.70847,26.205,89.146,,0.30012,0.00032,1.359,-7.156
459.95,-5.2067,-0.68583,0.70815,24.846,96.302,,-0.632795,8E-05,0.369,-1.526
456.25,-5.0705,-0.053035,0.70807,24.477,97.828,,-0.221585,0.00017,0.043,2.945
451.75,-5.1292,0.16855,0.7079,24.434,94.883,,-1.65045,-3E-05,-0.55,16.434
446.85,-3.9971,1.819,0.70793,24.984,78.449,,0.8615,-0.0001,-1.552,7.397
441.35,-4.2996,0.9575,0.70803,26.536,71.052,,-0.3697,-4E-05,-2.017,-6.401
437.5,-4.2596,1.3272,0.70807,28.553,77.453,,0.0427,-0.00017,0.669,-5.882
432.1,-5.2579,1.2845,0.70824,27.884,83.335,,-0.4154,-0.00016,0.897,-4.002
425.55,-4.6173,1.6999,0.7084,26.987,87.337,,-0.8646,-0.00026,0.273,6.614
420.8,-4.8874,2.5645,0.70866,26.714,80.723,,2.17536,-7E-05,1.417,5.475
417.35,-5.5015,0.38914,0.70873,25.297,75.248,,-1.84486,2E-05,1.166,5.558
413.6,-5.8099,2.234,0.70871,24.131,69.69,,0.7829,0.00021,3.201,5.508
409.1,-5.3546,1.4511,0.7085,20.93,64.182,,1.09819,0.00057,1.92,2.043
402.25,-5.9518,0.35291,0.70793,19.01,62.139,,-0.54472,2E-05,-0.677,-8.067
394.65,-3.9459,0.89763,0.70791,19.687,70.206,,-0.01204,6E-05,-0.968,-6.492
388.55,-5.1461,0.90967,0.70785,20.655,76.698,,0.08731,-0.00026,-1.376,0.017
379.9,-5.9852,0.82236,0.70811,22.031,76.681,,-0.18964,-0.00014,0.608,15.472
366.85,-5.6867,1.012,0.70825,21.423,61.209,,-1.8483,8E-05,1.521,5.989
353.6,-3.8525,2.8603,0.70817,19.902,55.22,,0.182,0.00033,1.68,4.955
344,-3.526,2.6783,0.70784,18.222,50.265,,-0.325,6E-05,2.374,10.833
336.5,-4.2249,3.0033,0.70778,15.848,39.432,,0.5954,-0.00012,1.239,10.542
325.55,-3.8082,2.4079,0.7079,14.609,28.89,,-2.0937,-0.00037,-0.191,12.473
314.9,-2.8206,4.5016,0.70827,14.8,16.417,,-0.119,-2E-05,1.122,-15.835
309.85,-2.567,4.6206,0.70829,13.678,32.252,,-0.3442,2E-05,0.384,-4.235
307.25,-2.7266,4.9648,0.70827,13.294,36.487,,1.4171,-3E-05,0.57,-2.443
305.75,-2.3151,3.5477,0.7083,12.724,38.93,,-0.2248,1E-04,0.143,-3.949
302,-2.4478,3.7725,0.7082,12.581,42.879,,-0.1098,0.00067,-0.187,11.209
289.5,-3.354,3.8823,0.70753,12.768,31.67,,-0.1633,0.00045,-0.4,-1.587
275.3,-3.7717,4.0456,0.70708,13.168,33.257,,-0.9311,-7E-05,-0.965,9.689
265.5,-3.4437,4.9767,0.70715,14.133,23.568,,1.496,-0.0001,-2.783,18.3843
255.7,-3.8046,3.4807,0.70725,16.916,5.1837,,1.9187,-0.00059,-2.782,-1.9543
248,-5.9799,1.562,0.70784,19.698,7.138,,0.72372,-4E-05,-1.393,-8.967
241,-4.3096,0.83828,0.70788,21.091,16.105,,0.06317,0.00017,0.351,-5.364
232.5,-3.7535,0.77511,0.70771,20.74,21.469,,-2.28419,6E-05,1.657,-11.001
222.25,-2.5599,3.0593,0.70765,19.083,32.47,,1.3567,-0.00021,1.09,7.904
208.05,-1.769,1.7026,0.70786,17.993,24.566,,0.5314,0.0001,0.082,15.3995
198.05,-1.3805,1.1712,0.70776,17.911,9.1665,,2.12548,0.00024,0.367,-1.2035
193.05,0.17364,-0.95428,0.70752,17.544,10.37,,-1.35595,0.00027,-0.004,-14.925
186.3,-0.83032,0.40167,0.70725,17.548,25.295,,-1.21603,2E-05,-0.12,-3.204
179.3,-1.2017,1.6177,0.70723,17.668,28.499,,0,-6E-05,-0.021,1.019
173.6,-1.2017,1.6177,0.70729,17.689,27.48,,0.5058,0.00011,0.269,-7.835
169.65,-2.3876,1.1119,0.70718,17.42,35.315,,0,7E-05,0.296,0.724
166.2,-2.3876,1.1119,0.70711,17.124,34.591,,0.38706,0.00023,0.509,-1.518
162.95,-1.2442,0.72484,0.70688,16.615,36.109,,-1.14746,2E-05,0.461,-5.788
158.45,-1.2196,1.8723,0.70686,16.154,41.897,,0.2031,-3E-05,0.161,-7.479
153.25,-2.1456,1.6692,0.70689,15.993,49.376,,0,-0.00019,-0.322,2.125
148.15,-2.1456,1.6692,0.70708,16.315,47.251,,2.48317,-0.00021,-0.322,5.84
142.85,-0.52317,-0.81397,0.70729,16.637,41.411,,0,-5E-05,-0.349,2.355
138.3,-0.52317,-0.81397,0.70734,16.986,39.056,,-0.893369,-8E-05,-0.158,-0.634
133.2,-0.10244,0.079399,0.70742,17.144,39.69,,-0.136741,-5E-05,-0.231,-6.546
127.5,0.07816,0.21614,0.70747,17.375,46.236,,-3.11326,0.00017,1.139,3.63
118.5,0.046936,3.3294,0.7073,16.236,42.606,,1.2598,-0.00012,0.338,-6.725
105.8,-2.4674,2.0696,0.70742,15.898,49.331,,-0.3308,-1E-05,-2.426,-19.793
96.55,-2.511,2.4004,0.70743,18.324,69.124,,-0.3862,8E-05,-0.328,11.703
91.4,-2.1727,2.7866,0.70735,18.652,57.421,,0.5949,0,0.342,2.514
87.55,-1.9906,2.1917,0.70735,18.31,54.907,,-0.1493,-1E-04,0.317,-3.659
84.65,-1.5366,2.341,0.70745,17.993,58.566,,-0.0091,-0.00017,-0.596,-6.14
77.05,-1.5091,2.3501,0.70762,18.589,64.706,,-0.063,-0.00016,-0.263,9.051
68.05,-1.2032,2.4131,0.70778,18.852,55.655,,0.5734,-7E-05,0.226,-6.263
63.6,-0.59825,1.8397,0.70785,18.626,61.918,,-1.0832,8E-05,0.728,-4.672
58.75,-0.97357,2.9229,0.70777,17.898,66.59,,0.2986,2E-05,-1.614,-0.948
52.2,-1.7186,2.6243,0.70775,19.512,67.538,,-0.2699,-2E-05,-2.783,4.686
44.5,-1.0291,2.8942,0.70777,22.295,62.852,,0.3503,2E-05,0.024,6.524
38.8,-0.48389,2.5439,0.70775,22.271,56.328,,0.8427,-3E-05,0.202,-4.416
35.55,-0.26606,1.7012,0.70778,22.069,60.744,,0.9482,-0.00015,0.312,8.731
31.15,-0.25161,0.753,0.70793,21.757,52.013,,-0.05668,-0.00022,0.104,-0.076
25.715,-0.42598,0.80968,0.70815,21.653,52.089,,-0.98492,-0.00016,-0.132,1.58
21.73,-0.71986,1.7946,0.70831,21.785,50.509,,-0.8196,-0.00025,-0.094,3.275
18.2,-0.71246,2.6142,0.70856,21.879,47.234,,0.0363,-0.00022,-0.095,3.779
14.81,-1.0742,2.5779,0.70878,21.974,43.455,,0.3356,-5E-05,-0.13,-1.15
12.629,-0.81388,2.2423,0.70883,22.104,44.605,,-0.175,-9E-05,0.037,-1.297
9.427,-0.70298,2.4173,0.70892,22.067,45.902,,-0.3062,-4E-05,0.08,0.488
6.289,-0.91812,2.7235,0.70896,21.987,45.414,,0.3303,-6E-05,0.063,-0.25
3.96,-1.1607,2.3932,0.70902,21.924,45.664,,,,,
0,NA,NA,NA,NA,NA,,,,,
